0 0.33046875 0.4152777777777778 0.0036458333333333334 0.012037037037037037
0 0.32838541666666665 0.23101851851851854 0.0046875 0.017592592592592594
0 0.35130208333333335 0.08101851851851852 0.0036458333333333334 0.012037037037037037
2 0.51484375 0.13657407407407407 0.008854166666666666 0.026851851851851852
2 0.53359375 0.22037037037037038 0.008854166666666666 0.022222222222222223
2 0.6830729166666667 0.7587962962962963 0.01614583333333333 0.04722222222222222
2 0.6348958333333333 0.8805555555555555 0.015625 0.05
0 0.035416666666666666 0.5652777777777778 0.004166666666666667 0.01388888888888889
0 0.10572916666666667 0.5722222222222223 0.004166666666666667 0.016666666666666666
0 0.17526041666666667 0.18935185185185185 0.0026041666666666665 0.012037037037037037
0 0.1875 0.1328703703703704 0.003125 0.010185185185185186
0 0.18489583333333334 0.19305555555555556 0.004166666666666667 0.008333333333333333
0 0.19661458333333334 0.14120370370370372 0.0036458333333333334 0.012037037037037037
0 0.18411458333333333 0.16435185185185186 0.0046875 0.012037037037037037
0 0.10911458333333333 0.19305555555555556 0.0046875 0.010185185185185186
0 0.09296875 0.20601851851851852 0.0046875 0.010185185185185186
0 0.07369791666666667 0.21851851851851853 0.0046875 0.011111111111111112
0 0.22057291666666667 0.12731481481481483 0.0015625 0.006481481481481482
0 0.21041666666666667 0.12592592592592594 0.0020833333333333333 0.003703703703703704
0 0.02265625 0.10694444444444445 0.0036458333333333334 0.008333333333333333
0 0.024479166666666666 0.12685185185185185 0.0020833333333333333 0.009259259259259259
0 0.0390625 0.12037037037037038 0.005208333333333333 0.014814814814814815
0 0.18567708333333333 0.14583333333333334 0.0036458333333333334 0.015740740740740743
0 0.1859375 0.11342592592592593 0.003125 0.012037037037037037
0 0.17526041666666667 0.10555555555555556 0.005729166666666666 0.009259259259259259
2 0.5145833333333333 0.21203703703703705 0.009375 0.031481481481481485
0 0.19635416666666666 0.5787037037037037 0.004166666666666667 0.011111111111111112
0 0.32578125 0.4199074074074074 0.0026041666666666665 0.010185185185185186
0 0.25104166666666666 0.2087962962962963 0.003125 0.010185185185185186
0 0.23567708333333334 0.20324074074074075 0.0026041666666666665 0.010185185185185186
0 0.21692708333333333 0.19444444444444445 0.0036458333333333334 0.007407407407407408
0 0.21666666666666667 0.26342592592592595 0.004166666666666667 0.012037037037037037
0 0.20807291666666666 0.2550925925925926 0.0046875 0.012037037037037037
0 0.22786458333333334 0.1462962962962963 0.0026041666666666665 0.007407407407407408
0 0.23776041666666667 0.13703703703703704 0.0026041666666666665 0.007407407407407408
0 0.21067708333333332 0.15231481481481482 0.0026041666666666665 0.008333333333333333
0 0.19739583333333333 0.1587962962962963 0.003125 0.006481481481481482
0 0.19973958333333333 0.1865740740740741 0.0026041666666666665 0.008333333333333333
0 0.17630208333333333 0.15925925925925927 0.0026041666666666665 0.007407407407407408
0 0.17317708333333334 0.16342592592592592 0.0026041666666666665 0.006481481481481482
0 0.16822916666666665 0.15 0.0020833333333333333 0.007407407407407408
0 0.1625 0.15833333333333333 0.003125 0.012962962962962964
0 0.15598958333333332 0.15555555555555556 0.0036458333333333334 0.012962962962962964
0 0.17109375 0.18888888888888888 0.0026041666666666665 0.009259259259259259
0 0.1515625 0.1824074074074074 0.003125 0.011111111111111112
0 0.12890625 0.1925925925925926 0.0026041666666666665 0.009259259259259259
0 0.08359375 0.21064814814814817 0.0036458333333333334 0.008333333333333333
0 0.06848958333333333 0.08657407407407408 0.0046875 0.008333333333333333
0 0.034895833333333334 0.11481481481481481 0.003125 0.011111111111111112
0 0.1046875 0.25925925925925924 0.003125 0.009259259259259259
0 0.1609375 0.3893518518518519 0.004166666666666667 0.010185185185185186
0 0.030989583333333334 0.5643518518518519 0.0046875 0.012037037037037037
0 0.019791666666666666 0.5476851851851852 0.004166666666666667 0.012037037037037037
0 0.012239583333333333 0.563425925925926 0.005729166666666666 0.010185185185185186
0 0.012239583333333333 0.6356481481481482 0.0046875 0.012037037037037037
0 0.02265625 0.6245370370370371 0.0046875 0.010185185185185186
0 0.00703125 0.6643518518518519 0.0067708333333333336 0.012037037037037037
0 0.008333333333333333 0.6458333333333334 0.004166666666666667 0.012037037037037037
