2 0.5588541666666667 0.33194444444444443 0.011458333333333333 0.030555555555555558
2 0.4869791666666667 0.9768518518518519 0.026041666666666668 0.040740740740740744
0 0.34375 0.11018518518518519 0.004166666666666667 0.014814814814814815
0 0.35260416666666666 0.23564814814814816 0.00625 0.012037037037037037
2 0.5041666666666667 0.9884259259259259 0.029166666666666667 0.02314814814814815
0 0.07473958333333333 0.019444444444444445 0.0036458333333333334 0.009259259259259259
0 0.0859375 0.01712962962962963 0.003125 0.008333333333333333
0 0.08385416666666666 0.009259259259259259 0.003125 0.009259259259259259
0 0.09348958333333333 0.005092592592592593 0.0026041666666666665 0.006481481481481482
0 0.20755208333333333 0.011111111111111112 0.0026041666666666665 0.007407407407407408
0 0.221875 0.015277777777777779 0.003125 0.010185185185185186
0 0.2171875 0.02777777777777778 0.004166666666666667 0.011111111111111112
0 0.24869791666666666 0.029166666666666667 0.0026041666666666665 0.006481481481481482
0 0.27708333333333335 0.08611111111111111 0.003125 0.011111111111111112
0 0.26484375 0.07916666666666666 0.0026041666666666665 0.008333333333333333
0 0.26276041666666666 0.036111111111111115 0.0026041666666666665 0.005555555555555556
0 0.25885416666666666 0.03796296296296296 0.003125 0.009259259259259259
0 0.2559895833333333 0.043055555555555555 0.0036458333333333334 0.010185185185185186
0 0.24270833333333333 0.03425925925925926 0.003125 0.011111111111111112
0 0.23333333333333334 0.049074074074074076 0.003125 0.009259259259259259
0 0.22604166666666667 0.03935185185185185 0.003125 0.008333333333333333
0 0.20859375 0.051388888888888894 0.0036458333333333334 0.010185185185185186
0 0.20651041666666667 0.07361111111111111 0.0026041666666666665 0.008333333333333333
0 0.20911458333333333 0.08009259259259259 0.0026041666666666665 0.008333333333333333
0 0.21796875 0.08148148148148149 0.0036458333333333334 0.007407407407407408
0 0.20442708333333334 0.053703703703703705 0.0015625 0.003703703703703704
0 0.20104166666666667 0.04490740740740741 0.003125 0.008333333333333333
0 0.19375 0.04583333333333334 0.003125 0.008333333333333333
0 0.19296875 0.05555555555555556 0.0026041666666666665 0.009259259259259259
0 0.1953125 0.07222222222222223 0.0020833333333333333 0.009259259259259259
0 0.14583333333333334 0.08240740740740742 0.003125 0.011111111111111112
0 0.17708333333333334 0.07407407407407407 0.003125 0.009259259259259259
0 0.15833333333333333 0.08287037037037037 0.003125 0.008333333333333333
0 0.13515625 0.09027777777777778 0.0036458333333333334 0.008333333333333333
0 0.1265625 0.09351851851851853 0.003125 0.005555555555555556
0 0.11848958333333333 0.09953703703703703 0.0036458333333333334 0.006481481481481482
0 0.14661458333333333 0.13796296296296298 0.0036458333333333334 0.007407407407407408
0 0.0609375 0.2800925925925926 0.004166666666666667 0.01388888888888889
0 0.05260416666666667 0.26851851851851855 0.004166666666666667 0.009259259259259259
0 0.0140625 0.27546296296296297 0.004166666666666667 0.010185185185185186
0 0.025260416666666667 0.27037037037037037 0.005729166666666666 0.009259259259259259
0 0.026822916666666665 0.3550925925925926 0.0036458333333333334 0.010185185185185186
0 0.0765625 0.3712962962962963 0.005208333333333333 0.011111111111111112
0 0.0921875 0.3731481481481482 0.004166666666666667 0.011111111111111112
0 0.0953125 0.375 0.004166666666666667 0.007407407407407408
0 0.07838541666666667 0.3601851851851852 0.0046875 0.009259259259259259
0 0.16979166666666667 0.36574074074074076 0.004166666666666667 0.011111111111111112
0 0.075 0.4337962962962963 0.003125 0.010185185185185186
0 0.07630208333333333 0.4449074074074074 0.005729166666666666 0.010185185185185186
