6 0.384375 0.28425925925925927 0.029166666666666667 0.05740740740740741
2 0.22083333333333333 0.2 0.019791666666666666 0.016666666666666666
2 0.8796875 0.5736111111111112 0.02395833333333333 0.036111111111111115
2 0.8369791666666666 0.525 0.02395833333333333 0.031481481481481485
2 0.9567708333333333 0.6342592592592593 0.03125 0.044444444444444446
2 0.24661458333333333 0.2833333333333333 0.0203125 0.022222222222222223
2 0.8533854166666667 0.47962962962962963 0.022395833333333334 0.03333333333333333
2 0.259375 0.04166666666666667 0.009375 0.018518518518518517
2 0.896875 0.5319444444444444 0.028125 0.036111111111111115
2 0.228125 0.008796296296296297 0.013541666666666667 0.01388888888888889
2 0.3559895833333333 0.3592592592592593 0.0171875 0.022222222222222223
2 0.8328125 0.49212962962962964 0.025 0.03425925925925926
2 0.23020833333333332 0.2087962962962963 0.020833333333333332 0.01388888888888889
2 0.22942708333333334 0.22268518518518518 0.022395833333333334 0.02314814814814815
2 0.33359375 0.34305555555555556 0.019270833333333334 0.02314814814814815
2 0.12135416666666667 0.06898148148148149 0.0125 0.015740740740740743
2 0.06536458333333334 0.16574074074074074 0.01614583333333333 0.018518518518518517
1 0.6984375 0.7055555555555556 0.010416666666666666 0.02592592592592593
2 0.19114583333333332 0.2175925925925926 0.020833333333333332 0.016666666666666666
0 0.15703125 0.6949074074074074 0.0046875 0.012037037037037037
0 0.2591145833333333 0.5787037037037037 0.0026041666666666665 0.012962962962962964
0 0.26484375 0.6018518518518519 0.0026041666666666665 0.011111111111111112
0 0.08723958333333333 0.044444444444444446 0.0036458333333333334 0.011111111111111112
0 0.3403645833333333 0.46111111111111114 0.0036458333333333334 0.011111111111111112
0 0.29244791666666664 0.6342592592592593 0.0036458333333333334 0.009259259259259259
0 0.33359375 0.5120370370370371 0.0036458333333333334 0.012962962962962964
0 0.2934895833333333 0.5824074074074075 0.0036458333333333334 0.011111111111111112
0 0.26848958333333334 0.6300925925925926 0.0046875 0.010185185185185186
0 0.33984375 0.5 0.0026041666666666665 0.012962962962962964
0 0.16796875 0.8013888888888889 0.0046875 0.012037037037037037
3 0.8166666666666667 0.7925925925925926 0.0125 0.06296296296296297
0 0.2903645833333333 0.6111111111111112 0.0036458333333333334 0.011111111111111112
0 0.38828125 0.5865740740740741 0.0026041666666666665 0.010185185185185186
0 0.33671875 0.5157407407407407 0.0036458333333333334 0.012962962962962964
0 0.33359375 0.46342592592592596 0.0036458333333333334 0.01388888888888889
0 0.34921875 0.5226851851851853 0.0036458333333333334 0.01388888888888889
0 0.46901041666666665 0.425462962962963 0.0036458333333333334 0.012037037037037037
0 0.34609375 0.625 0.0036458333333333334 0.011111111111111112
0 0.3528645833333333 0.637962962962963 0.0026041666666666665 0.009259259259259259
0 0.3684895833333333 0.6273148148148149 0.0036458333333333334 0.010185185185185186
0 0.34713541666666664 0.6421296296296296 0.0026041666666666665 0.010185185185185186
0 0.41640625 0.500462962962963 0.0026041666666666665 0.010185185185185186
0 0.3299479166666667 0.437962962962963 0.0036458333333333334 0.011111111111111112
0 0.3247395833333333 0.5518518518518519 0.0036458333333333334 0.011111111111111112
0 0.27682291666666664 0.6356481481481482 0.0036458333333333334 0.010185185185185186
0 0.2674479166666667 0.6194444444444445 0.0036458333333333334 0.009259259259259259
0 0.35078125 0.5111111111111112 0.0036458333333333334 0.016666666666666666
0 0.2934895833333333 0.7240740740740741 0.0036458333333333334 0.011111111111111112
0 0.28671875 0.6064814814814815 0.0036458333333333334 0.009259259259259259
0 0.34661458333333334 0.4726851851851852 0.0036458333333333334 0.010185185185185186
0 0.82109375 0.6078703703703704 0.005729166666666666 0.01388888888888889
0 0.76796875 0.42638888888888893 0.0036458333333333334 0.012037037037037037
0 0.40651041666666665 0.49583333333333335 0.0036458333333333334 0.010185185185185186
0 0.34921875 0.5111111111111112 0.0036458333333333334 0.016666666666666666
0 0.23619791666666667 0.7074074074074075 0.005729166666666666 0.012962962962962964
0 0.47161458333333334 0.40694444444444444 0.0036458333333333334 0.012037037037037037
0 0.28151041666666665 0.6199074074074075 0.0036458333333333334 0.010185185185185186
0 0.33098958333333334 0.5740740740740741 0.0036458333333333334 0.012962962962962964
0 0.32421875 0.49583333333333335 0.0026041666666666665 0.012037037037037037
0 0.2622395833333333 0.6013888888888889 0.0036458333333333334 0.012037037037037037
0 0.8466145833333333 0.20694444444444446 0.0046875 0.012037037037037037
0 0.29921875 0.7111111111111111 0.0036458333333333334 0.009259259259259259
6 0.41640625 0.3513888888888889 0.0390625 0.08425925925925926
10 0.5065104166666666 0.4777777777777778 0.03802083333333333 0.08888888888888889
2 0.5317708333333333 0.5907407407407408 0.019791666666666666 0.03888888888888889
2 0.5328125 0.5620370370370371 0.014583333333333334 0.024074074074074074
1 0.48151041666666666 0.44074074074074077 0.0078125 0.031481481481481485
1 0.6880208333333333 0.712037037037037 0.009375 0.031481481481481485
2 0.7067708333333333 0.4412037037037037 0.016666666666666666 0.025
2 0.6302083333333334 0.35462962962962963 0.01875 0.02592592592592593
0 0.8424479166666666 0.7268518518518519 0.0036458333333333334 0.012962962962962964
0 0.8359375 0.736574074074074 0.004166666666666667 0.008333333333333333
0 0.67578125 0.4481481481481482 0.0036458333333333334 0.011111111111111112
0 0.6721354166666667 0.4486111111111111 0.0026041666666666665 0.008333333333333333
0 0.6716145833333333 0.45833333333333337 0.0026041666666666665 0.011111111111111112
24 0.8940104166666667 0.34861111111111115 0.0203125 0.026851851851851852
23 0.7971354166666667 0.8726851851851852 0.0109375 0.01388888888888889
1 0.09739583333333333 0.040740740740740744 0.008333333333333333 0.011111111111111112
