0 0.9338541666666667 0.040740740740740744 0.011458333333333333 0.04259259259259259
0 0.88046875 0.1685185185185185 0.0078125 0.03888888888888889
0 0.8739583333333333 0.17962962962962964 0.011458333333333333 0.03518518518518519
0 0.85 0.20925925925925926 0.009375 0.04259259259259259
0 0.8403645833333333 0.225 0.009895833333333333 0.03888888888888889
0 0.8315104166666667 0.23564814814814816 0.009895833333333333 0.04166666666666667
0 0.8216145833333334 0.24675925925925926 0.008854166666666666 0.03796296296296296
0 0.8125 0.2606481481481482 0.010416666666666666 0.04537037037037037
0 0.8041666666666667 0.27361111111111114 0.0125 0.04166666666666667
17 0.7916666666666666 0.21574074074074076 0.08229166666666667 0.1425925925925926
0 0.70703125 0.36388888888888893 0.0078125 0.04259259259259259
0 0.69609375 0.3675925925925926 0.011979166666666666 0.044444444444444446
0 0.6947916666666667 0.3375 0.008333333333333333 0.02314814814814815
0 0.68125 0.3527777777777778 0.009375 0.044444444444444446
0 0.653125 0.43842592592592594 0.010416666666666666 0.04351851851851852
0 0.7247395833333333 0.40092592592592596 0.013020833333333334 0.03333333333333333
0 0.6645833333333333 0.44351851851851853 0.011458333333333333 0.04814814814814815
0 0.68046875 0.5717592592592593 0.013020833333333334 0.04537037037037037
0 0.6424479166666667 0.49722222222222223 0.0109375 0.04259259259259259
0 0.65703125 0.5708333333333333 0.0140625 0.04537037037037037
0 0.62421875 0.5351851851851852 0.009895833333333333 0.0462962962962963
0 0.6174479166666667 0.5421296296296296 0.0109375 0.05092592592592593
0 0.6075520833333333 0.5638888888888889 0.0109375 0.05
0 0.6028645833333334 0.3787037037037037 0.0067708333333333336 0.020370370370370372
0 0.58125 0.4814814814814815 0.0125 0.044444444444444446
0 0.5723958333333333 0.48888888888888893 0.014583333333333334 0.0462962962962963
0 0.57109375 0.5356481481481482 0.011979166666666666 0.04351851851851852
0 0.5622395833333333 0.5407407407407407 0.013020833333333334 0.0462962962962963
0 0.57890625 0.5884259259259259 0.0140625 0.04722222222222222
0 0.5653645833333333 0.6324074074074074 0.01614583333333333 0.031481481481481485
0 0.5763020833333333 0.7388888888888889 0.015104166666666667 0.0462962962962963
0 0.42213541666666665 0.8375 0.009895833333333333 0.030555555555555558
0 0.40260416666666665 0.8208333333333334 0.011458333333333333 0.04722222222222222
0 0.396875 0.8305555555555556 0.011458333333333333 0.040740740740740744
0 0.36302083333333335 0.6222222222222222 0.0125 0.03333333333333333
0 0.3484375 0.6175925925925926 0.0125 0.037037037037037035
0 0.3372395833333333 0.6092592592592593 0.011979166666666666 0.02962962962962963
0 0.27578125 0.5439814814814815 0.0140625 0.026851851851851852
0 0.28802083333333334 0.5578703703703703 0.011458333333333333 0.028703703703703703
0 0.2872395833333333 0.5199074074074074 0.0140625 0.026851851851851852
0 0.29661458333333335 0.4601851851851852 0.0109375 0.024074074074074074
0 0.35234375 0.4689814814814815 0.013020833333333334 0.025
0 0.3763020833333333 0.4078703703703704 0.008854166666666666 0.030555555555555558
0 0.40260416666666665 0.3939814814814815 0.013541666666666667 0.025
0 0.4231770833333333 0.3791666666666667 0.011979166666666666 0.025
0 0.5 0.35370370370370374 0.015625 0.031481481481481485
0 0.5135416666666667 0.3513888888888889 0.0125 0.030555555555555558
12 0.34921875 0.8555555555555556 0.06614583333333333 0.08703703703703704
