0 0.45677083333333335 0.6722222222222223 0.0125 0.03518518518518519
0 0.5143229166666666 0.662962962962963 0.008854166666666666 0.02962962962962963
0 0.5216145833333333 0.6592592592592593 0.008854166666666666 0.02777777777777778
0 0.5885416666666666 0.6041666666666667 0.010416666666666666 0.028703703703703703
0 0.61484375 0.5902777777777778 0.0109375 0.028703703703703703
0 0.6046875 0.587037037037037 0.010416666666666666 0.02962962962962963
0 0.5921875 0.5291666666666667 0.011458333333333333 0.030555555555555558
0 0.6302083333333334 0.5523148148148148 0.0125 0.026851851851851852
0 0.646875 0.5287037037037037 0.010416666666666666 0.02592592592592593
0 0.6416666666666666 0.4967592592592593 0.011458333333333333 0.015740740740740743
0 0.6432291666666666 0.5092592592592593 0.009375 0.018518518518518517
0 0.6083333333333333 0.44583333333333336 0.013541666666666667 0.02314814814814815
0 0.5815104166666667 0.42962962962962964 0.009895833333333333 0.022222222222222223
0 0.5901041666666667 0.42314814814814816 0.007291666666666667 0.024074074074074074
0 0.5856770833333333 0.4027777777777778 0.008854166666666666 0.018518518518518517
0 0.2864583333333333 0.6481481481481481 0.011458333333333333 0.044444444444444446
0 0.2984375 0.6365740740740741 0.010416666666666666 0.04537037037037037
0 0.36666666666666664 0.6296296296296297 0.011458333333333333 0.031481481481481485
0 0.2760416666666667 0.6277777777777778 0.008333333333333333 0.040740740740740744
0 0.2856770833333333 0.6203703703703703 0.009895833333333333 0.03333333333333333
0 0.26848958333333334 0.576388888888889 0.011979166666666666 0.03981481481481482
0 0.3377604166666667 0.48240740740740745 0.015104166666666667 0.0462962962962963
0 0.3911458333333333 0.5106481481481482 0.008333333333333333 0.036111111111111115
0 0.39869791666666665 0.5060185185185185 0.011979166666666666 0.036111111111111115
0 0.30625 0.4027777777777778 0.0125 0.03518518518518519
0 0.353125 0.4532407407407408 0.014583333333333334 0.03981481481481482
0 0.3625 0.4449074074074074 0.005208333333333333 0.03796296296296296
0 0.3846354166666667 0.44351851851851853 0.0109375 0.03888888888888889
0 0.4075520833333333 0.4518518518518519 0.013020833333333334 0.03518518518518519
0 0.3880208333333333 0.40231481481481485 0.013541666666666667 0.03796296296296296
0 0.37864583333333335 0.3060185185185185 0.008333333333333333 0.03796296296296296
0 0.50234375 0.20740740740740743 0.0067708333333333336 0.037037037037037035
0 0.5192708333333333 0.23564814814814816 0.008333333333333333 0.03796296296296296
0 0.52421875 0.2240740740740741 0.008854166666666666 0.03888888888888889
0 0.5520833333333334 0.23425925925925928 0.008333333333333333 0.022222222222222223
0 0.5552083333333333 0.22314814814814815 0.00625 0.018518518518518517
0 0.54921875 0.27083333333333337 0.013020833333333334 0.030555555555555558
12 0.55546875 0.19212962962962965 0.044270833333333336 0.0638888888888889
17 0.18151041666666667 0.762962962962963 0.0921875 0.1574074074074074
0 0.08255208333333333 0.8439814814814816 0.011979166666666666 0.03981481481481482
0 0.09401041666666667 0.8282407407407407 0.0140625 0.04351851851851852
0 0.12213541666666666 0.7953703703703704 0.008854166666666666 0.044444444444444446
0 0.13229166666666667 0.774537037037037 0.011458333333333333 0.049074074074074076
0 0.14401041666666667 0.7532407407407408 0.009895833333333333 0.032407407407407406
0 0.15546875 0.7356481481481482 0.008854166666666666 0.026851851851851852
0 0.1640625 0.7171296296296297 0.010416666666666666 0.02314814814814815
0 0.17473958333333334 0.7069444444444445 0.0067708333333333336 0.02314814814814815
